"season_ccamlr" "ID" "prolen3" "geometry" "colour"
"1" 2001 "BS" 0.207065919862128 list(c(-56.255, -56.3, -56.4, -56.5, -56.6, -56.7, -56.8, -56.9, -57, -57.1, -57.2, -57.3, -57.4, -57.5, -57.6, -57.7, -57.8, -57.9, -58, -61.9842, -59.9949667, -56.255, -56.255, -61.8987, -61.8987, -61.8987, -61.8987, -61.8987, -61.8987, -61.8987, -61.8987, -61.8987, -61.8987, -61.8987, -61.8987, -61.8987, -61.8987, -61.8987, -61.8987, -61.8987, -61.8987, -61.8987, -62.9563, -63.8809, -63.0083, -61.8987)) "positive"
"2" 2001 "EI" -0.40953316953317 list(c(-53.4425, -53.5, -53.6, -53.7, -53.8, -53.9, -54, -54.1, -54.2, -54.3, -54.4, -54.5, -54.6, -54.7, -54.8, -54.9, -55, -55.1, -55.2, -55.3, -55.4, -55.5, -55.6, -55.7, -55.8, -55.9, -56, -56.1, -56.2, -56.3, -56.4, -56.5, -56.6, -56.7, -56.8, -56.9, -57, -57.1, -57.2, -57.3, -57.4, -57.5, -57.6, -57.7, -57.8, -57.9, -58, -58, -57.9, -57.8, -57.7, -57.6, -57.5, -57.4, -57.3, -57.2, -57.1, -57, -56.9, -56.8, -56.7, -56.6, -56.5, -56.4, -56.3, -56.255, -56.2, -56.1, -56, -55.9, -55.8, -55.7, -55.6, 
-55.5, -55.4, -55.3, -55.2, -55.1, -55, -54.9, -54.8, -54.7, -54.6, -54.5, -54.4, -54.3, -54.2, -54.1, -54, -53.9, -53.8, -53.7, -53.6, -53.5, -53.4425, -53.4425, -60, -60, -60, -60, -60, -60, -60, -60, -60, -60, -60, -60, -60, -60, -60, -60, -60, -60, -60, -60, -60, -60, -60, -60, -60, -60, -60, -60, -60, -60, -60, -60, -60, -60, -60, -60, -60, -60, -60, -60, -60, -60, -60, -60, -60, -60, -60, -61.8987, -61.8987, -61.8987, -61.8987, -61.8987, -61.8987, -61.8987, -61.8987, -61.8987, -61.8987, -61.8987, 
-61.8987, -61.8987, -61.8987, -61.8987, -61.8987, -61.8987, -61.8987, -61.8987, -61.8987, -61.8987, -61.8987, -61.8987, -61.8987, -61.8987, -61.8987, -61.8987, -61.8987, -61.8987, -61.8987, -61.8987, -61.8987, -61.8987, -61.8987, -61.8987, -61.8987, -61.8987, -61.8987, -61.8987, -61.8987, -61.8987, -61.8987, -61.8987, -61.8987, -61.8987, -61.8987, -61.8987, -61.8987, -60)) "negative"
"3" 2001 "Extra" -0.7572265625 list(c(-66.3476, -63.5504, -59.74, -59.9949667, -61.9842, -62.795, -66.3476, -64.3, -65.727, -64, -63.8809, -62.9563, -62.5, -64.3)) "negative"
"4" 2001 "SSIW" -0.566514126541982 list(c(-58, -59.4841667, -59.5536167, -60.5258333, -63.3036167, -62.795, -61.9842, -58, -58, -60, -60, -60.7958333, -60.7958333, -62.2125, -62.5, -62.9563, -61.8987, -60)) "negative"
"5" 2004 "BS" 0.0854545454545451 list(c(-56.255, -56.3, -56.4, -56.5, -56.6, -56.7, -56.8, -56.9, -57, -57.1, -57.2, -57.3, -57.4, -57.5, -57.6, -57.7, -57.8, -57.9, -58, -61.9842, -59.9949667, -56.255, -56.255, -61.8987, -61.8987, -61.8987, -61.8987, -61.8987, -61.8987, -61.8987, -61.8987, -61.8987, -61.8987, -61.8987, -61.8987, -61.8987, -61.8987, -61.8987, -61.8987, -61.8987, -61.8987, -61.8987, -62.9563, -63.8809, -63.0083, -61.8987)) "positive"
"6" 2004 "EI" -0.338 list(c(-53.4425, -53.5, -53.6, -53.7, -53.8, -53.9, -54, -54.1, -54.2, -54.3, -54.4, -54.5, -54.6, -54.7, -54.8, -54.9, -55, -55.1, -55.2, -55.3, -55.4, -55.5, -55.6, -55.7, -55.8, -55.9, -56, -56.1, -56.2, -56.3, -56.4, -56.5, -56.6, -56.7, -56.8, -56.9, -57, -57.1, -57.2, -57.3, -57.4, -57.5, -57.6, -57.7, -57.8, -57.9, -58, -58, -57.9, -57.8, -57.7, -57.6, -57.5, -57.4, -57.3, -57.2, -57.1, -57, -56.9, -56.8, -56.7, -56.6, -56.5, -56.4, -56.3, -56.255, -56.2, -56.1, -56, -55.9, -55.8, -55.7, -55.6, 
-55.5, -55.4, -55.3, -55.2, -55.1, -55, -54.9, -54.8, -54.7, -54.6, -54.5, -54.4, -54.3, -54.2, -54.1, -54, -53.9, -53.8, -53.7, -53.6, -53.5, -53.4425, -53.4425, -60, -60, -60, -60, -60, -60, -60, -60, -60, -60, -60, -60, -60, -60, -60, -60, -60, -60, -60, -60, -60, -60, -60, -60, -60, -60, -60, -60, -60, -60, -60, -60, -60, -60, -60, -60, -60, -60, -60, -60, -60, -60, -60, -60, -60, -60, -60, -61.8987, -61.8987, -61.8987, -61.8987, -61.8987, -61.8987, -61.8987, -61.8987, -61.8987, -61.8987, -61.8987, 
-61.8987, -61.8987, -61.8987, -61.8987, -61.8987, -61.8987, -61.8987, -61.8987, -61.8987, -61.8987, -61.8987, -61.8987, -61.8987, -61.8987, -61.8987, -61.8987, -61.8987, -61.8987, -61.8987, -61.8987, -61.8987, -61.8987, -61.8987, -61.8987, -61.8987, -61.8987, -61.8987, -61.8987, -61.8987, -61.8987, -61.8987, -61.8987, -61.8987, -61.8987, -61.8987, -61.8987, -61.8987, -60)) "negative"
"7" 2004 "SSIW" -0.326 list(c(-58, -59.4841667, -59.5536167, -60.5258333, -63.3036167, -62.795, -61.9842, -58, -58, -60, -60, -60.7958333, -60.7958333, -62.2125, -62.5, -62.9563, -61.8987, -60)) "negative"
"8" 2005 "BS" -0.4855 list(c(-56.255, -56.3, -56.4, -56.5, -56.6, -56.7, -56.8, -56.9, -57, -57.1, -57.2, -57.3, -57.4, -57.5, -57.6, -57.7, -57.8, -57.9, -58, -61.9842, -59.9949667, -56.255, -56.255, -61.8987, -61.8987, -61.8987, -61.8987, -61.8987, -61.8987, -61.8987, -61.8987, -61.8987, -61.8987, -61.8987, -61.8987, -61.8987, -61.8987, -61.8987, -61.8987, -61.8987, -61.8987, -61.8987, -62.9563, -63.8809, -63.0083, -61.8987)) "negative"
"9" 2005 "SSIW" -0.522388888888889 list(c(-58, -59.4841667, -59.5536167, -60.5258333, -63.3036167, -62.795, -61.9842, -58, -58, -60, -60, -60.7958333, -60.7958333, -62.2125, -62.5, -62.9563, -61.8987, -60)) "negative"
"10" 2006 "BS" -0.138203567232725 list(c(-56.255, -56.3, -56.4, -56.5, -56.6, -56.7, -56.8, -56.9, -57, -57.1, -57.2, -57.3, -57.4, -57.5, -57.6, -57.7, -57.8, -57.9, -58, -61.9842, -59.9949667, -56.255, -56.255, -61.8987, -61.8987, -61.8987, -61.8987, -61.8987, -61.8987, -61.8987, -61.8987, -61.8987, -61.8987, -61.8987, -61.8987, -61.8987, -61.8987, -61.8987, -61.8987, -61.8987, -61.8987, -61.8987, -62.9563, -63.8809, -63.0083, -61.8987)) "negative"
"11" 2006 "SSIW" -0.863166666666667 list(c(-58, -59.4841667, -59.5536167, -60.5258333, -63.3036167, -62.795, -61.9842, -58, -58, -60, -60, -60.7958333, -60.7958333, -62.2125, -62.5, -62.9563, -61.8987, -60)) "negative"
"12" 2007 "BS" 0.368 list(c(-56.255, -56.3, -56.4, -56.5, -56.6, -56.7, -56.8, -56.9, -57, -57.1, -57.2, -57.3, -57.4, -57.5, -57.6, -57.7, -57.8, -57.9, -58, -61.9842, -59.9949667, -56.255, -56.255, -61.8987, -61.8987, -61.8987, -61.8987, -61.8987, -61.8987, -61.8987, -61.8987, -61.8987, -61.8987, -61.8987, -61.8987, -61.8987, -61.8987, -61.8987, -61.8987, -61.8987, -61.8987, -61.8987, -62.9563, -63.8809, -63.0083, -61.8987)) "positive"
"13" 2007 "EI" 0.335111111111111 list(c(-53.4425, -53.5, -53.6, -53.7, -53.8, -53.9, -54, -54.1, -54.2, -54.3, -54.4, -54.5, -54.6, -54.7, -54.8, -54.9, -55, -55.1, -55.2, -55.3, -55.4, -55.5, -55.6, -55.7, -55.8, -55.9, -56, -56.1, -56.2, -56.3, -56.4, -56.5, -56.6, -56.7, -56.8, -56.9, -57, -57.1, -57.2, -57.3, -57.4, -57.5, -57.6, -57.7, -57.8, -57.9, -58, -58, -57.9, -57.8, -57.7, -57.6, -57.5, -57.4, -57.3, -57.2, -57.1, -57, -56.9, -56.8, -56.7, -56.6, -56.5, -56.4, -56.3, -56.255, -56.2, -56.1, -56, -55.9, -55.8, -55.7, -55.6, 
-55.5, -55.4, -55.3, -55.2, -55.1, -55, -54.9, -54.8, -54.7, -54.6, -54.5, -54.4, -54.3, -54.2, -54.1, -54, -53.9, -53.8, -53.7, -53.6, -53.5, -53.4425, -53.4425, -60, -60, -60, -60, -60, -60, -60, -60, -60, -60, -60, -60, -60, -60, -60, -60, -60, -60, -60, -60, -60, -60, -60, -60, -60, -60, -60, -60, -60, -60, -60, -60, -60, -60, -60, -60, -60, -60, -60, -60, -60, -60, -60, -60, -60, -60, -60, -61.8987, -61.8987, -61.8987, -61.8987, -61.8987, -61.8987, -61.8987, -61.8987, -61.8987, -61.8987, -61.8987, 
-61.8987, -61.8987, -61.8987, -61.8987, -61.8987, -61.8987, -61.8987, -61.8987, -61.8987, -61.8987, -61.8987, -61.8987, -61.8987, -61.8987, -61.8987, -61.8987, -61.8987, -61.8987, -61.8987, -61.8987, -61.8987, -61.8987, -61.8987, -61.8987, -61.8987, -61.8987, -61.8987, -61.8987, -61.8987, -61.8987, -61.8987, -61.8987, -61.8987, -61.8987, -61.8987, -61.8987, -61.8987, -60)) "positive"
"14" 2007 "Extra" 0.453 list(c(-66.3476, -63.5504, -59.74, -59.9949667, -61.9842, -62.795, -66.3476, -64.3, -65.727, -64, -63.8809, -62.9563, -62.5, -64.3)) "positive"
"15" 2007 "SSIW" -0.535022222222223 list(c(-58, -59.4841667, -59.5536167, -60.5258333, -63.3036167, -62.795, -61.9842, -58, -58, -60, -60, -60.7958333, -60.7958333, -62.2125, -62.5, -62.9563, -61.8987, -60)) "negative"
"16" 2008 "EI" 0.654769846564376 list(c(-53.4425, -53.5, -53.6, -53.7, -53.8, -53.9, -54, -54.1, -54.2, -54.3, -54.4, -54.5, -54.6, -54.7, -54.8, -54.9, -55, -55.1, -55.2, -55.3, -55.4, -55.5, -55.6, -55.7, -55.8, -55.9, -56, -56.1, -56.2, -56.3, -56.4, -56.5, -56.6, -56.7, -56.8, -56.9, -57, -57.1, -57.2, -57.3, -57.4, -57.5, -57.6, -57.7, -57.8, -57.9, -58, -58, -57.9, -57.8, -57.7, -57.6, -57.5, -57.4, -57.3, -57.2, -57.1, -57, -56.9, -56.8, -56.7, -56.6, -56.5, -56.4, -56.3, -56.255, -56.2, -56.1, -56, -55.9, -55.8, -55.7, -55.6, 
-55.5, -55.4, -55.3, -55.2, -55.1, -55, -54.9, -54.8, -54.7, -54.6, -54.5, -54.4, -54.3, -54.2, -54.1, -54, -53.9, -53.8, -53.7, -53.6, -53.5, -53.4425, -53.4425, -60, -60, -60, -60, -60, -60, -60, -60, -60, -60, -60, -60, -60, -60, -60, -60, -60, -60, -60, -60, -60, -60, -60, -60, -60, -60, -60, -60, -60, -60, -60, -60, -60, -60, -60, -60, -60, -60, -60, -60, -60, -60, -60, -60, -60, -60, -60, -61.8987, -61.8987, -61.8987, -61.8987, -61.8987, -61.8987, -61.8987, -61.8987, -61.8987, -61.8987, -61.8987, 
-61.8987, -61.8987, -61.8987, -61.8987, -61.8987, -61.8987, -61.8987, -61.8987, -61.8987, -61.8987, -61.8987, -61.8987, -61.8987, -61.8987, -61.8987, -61.8987, -61.8987, -61.8987, -61.8987, -61.8987, -61.8987, -61.8987, -61.8987, -61.8987, -61.8987, -61.8987, -61.8987, -61.8987, -61.8987, -61.8987, -61.8987, -61.8987, -61.8987, -61.8987, -61.8987, -61.8987, -61.8987, -60)) "positive"
"17" 2009 "EI" -0.1065 list(c(-53.4425, -53.5, -53.6, -53.7, -53.8, -53.9, -54, -54.1, -54.2, -54.3, -54.4, -54.5, -54.6, -54.7, -54.8, -54.9, -55, -55.1, -55.2, -55.3, -55.4, -55.5, -55.6, -55.7, -55.8, -55.9, -56, -56.1, -56.2, -56.3, -56.4, -56.5, -56.6, -56.7, -56.8, -56.9, -57, -57.1, -57.2, -57.3, -57.4, -57.5, -57.6, -57.7, -57.8, -57.9, -58, -58, -57.9, -57.8, -57.7, -57.6, -57.5, -57.4, -57.3, -57.2, -57.1, -57, -56.9, -56.8, -56.7, -56.6, -56.5, -56.4, -56.3, -56.255, -56.2, -56.1, -56, -55.9, -55.8, -55.7, -55.6, 
-55.5, -55.4, -55.3, -55.2, -55.1, -55, -54.9, -54.8, -54.7, -54.6, -54.5, -54.4, -54.3, -54.2, -54.1, -54, -53.9, -53.8, -53.7, -53.6, -53.5, -53.4425, -53.4425, -60, -60, -60, -60, -60, -60, -60, -60, -60, -60, -60, -60, -60, -60, -60, -60, -60, -60, -60, -60, -60, -60, -60, -60, -60, -60, -60, -60, -60, -60, -60, -60, -60, -60, -60, -60, -60, -60, -60, -60, -60, -60, -60, -60, -60, -60, -60, -61.8987, -61.8987, -61.8987, -61.8987, -61.8987, -61.8987, -61.8987, -61.8987, -61.8987, -61.8987, -61.8987, 
-61.8987, -61.8987, -61.8987, -61.8987, -61.8987, -61.8987, -61.8987, -61.8987, -61.8987, -61.8987, -61.8987, -61.8987, -61.8987, -61.8987, -61.8987, -61.8987, -61.8987, -61.8987, -61.8987, -61.8987, -61.8987, -61.8987, -61.8987, -61.8987, -61.8987, -61.8987, -61.8987, -61.8987, -61.8987, -61.8987, -61.8987, -61.8987, -61.8987, -61.8987, -61.8987, -61.8987, -61.8987, -60)) "negative"
"18" 2009 "OuterNE" -0.427 list(c(-50, -50.952381, -51.9047619, -52.8571429, -53.4425, -53.4425, -50, -50, -60, -60, -60, -60, -60.0010064, -61.8987, -61.8927419, -60)) "negative"
"19" 2009 "OuterSE" -0.5605 list(c(-53.4425, -53.5, -53.6, -53.7, -53.8, -53.9, -54, -54.1, -54.2, -54.3, -54.4, -54.5, -54.6, -54.7, -54.8, -54.9, -55, -55.1, -55.2, -55.3, -55.4, -55.5, -55.6, -55.7, -55.8, -55.9, -56, -56.1, -56.2, -56.255, -56.255, -57.1536588, -57.1490281, -57.1383791, -57.0777155, -57.0711683, -57.0488216, -57.0486268, -57.04106, -57.0407654, -57.0199894, -57.0139745, -57.0368694, -57.0364557, -57.0252249, -57.0018997, -56.9892097, -56.9807548, -57.0079236, -57.0190892, -57.0377733, -57.0447017, -57.0452867, 
-57.0558201, -57.0587674, -57.0463814, -57.0133106, -57.0037945, -57.0000577, -56.9923949, -56.9946408, -56.9873889, -56.9763311, -56.9461012, -56.9358491, -56.9280274, -56.9205694, -56.9448952, -57.0041219, -57.0072964, -56.9931047, -56.9717162, -56.9548163, -56.9354817, -56.9167895, -56.9078874, -56.9099328, -56.9016472, -56.9194082, -56.9131221, -56.9085952, -56.8679809, -56.8569764, -56.8408661, -56.773756, -56.7627521, -56.758096, -56.7705167, -56.7850753, -56.8137121, -56.8364215, -56.8852933, 
-56.9197459, -56.9318503, -56.9505934, -56.9633775, -57.0003468, -57.0142378, -57.0336929, -57.0353436, -57.0602275, -57.0797467, -57.0996884, -57.1087377, -57.1356162, -57.1439033, -57.1402465, -57.1569075, -57.1620181, -57.1589034, -57.1555358, -57.1703133, -57.1711756, -57.1746243, -57.1714767, -57.1719964, -57.1705701, -57.1674055, -57.1609917, -57.1510821, -57.1396437, -57.1277024, -57.1017632, -57.0975853, -57.1046225, -57.1222641, -57.1232542, -57.1423371, -57.1341419, -57.1523785, -57.1394301, 
-57.1396191, -57.1528141, -57.1915611, -57.1996596, -57.2230279, -57.2613923, -57.2714059, -57.2775947, -57.2907043, -57.3252075, -57.3621646, -57.386378, -57.4136188, -57.4476176, -57.4996837, -57.4818534, -57.448673, -57.4619082, -57.4770407, -57.4689123, -57.4600652, -57.4582445, -57.4471068, -57.4227062, -57.4129958, -57.4055927, -57.4159444, -57.4231983, -57.3973445, -57.3679947, -57.3836526, -57.3760188, -57.3746963, -57.4270201, -57.4282191, -57.4934749, -57.4940464, -57.4940915, -57.5079751, 
-57.5244552, -57.5303784, -57.5567352, -57.6175663, -57.6591528, -57.6742408, -57.7244013, -57.7408988, -57.7426239, -57.7312035, -57.7549537, -57.7547907, -57.7452148, -57.7257852, -57.7149535, -57.6428685, -57.5892794, -57.6054006, -57.6174827, -57.6373495, -57.6267411, -57.6070968, -57.6032641, -57.6100336, -57.6515316, -57.667074, -57.6523825, -57.6690935, -57.6799243, -57.6878935, -57.6936054, -57.7276818, -57.7408364, -57.74067, -57.7279725, -57.7253577, -57.7595524, -57.7738034, -57.771967, 
-57.7850932, -57.8039952, -57.8169823, -57.8216351, -57.8217584, -57.8216394, -57.8375372, -57.8649627, -57.8720424, -57.8726374, -57.8725628, -57.8377693, -57.8315996, -57.8501414, -57.8696484, -57.8992699, -57.9097112, -57.9247009, -57.935301, -57.9422073, -57.9489373, -57.9581789, -57.9858829, -57.9686825, -57.9854908, -57.9979314, -58.0106565, -58.0350323, -58.0512652, -58.0582562, -58.0717237, -58.1007024, -58.1014536, -58.1020407, -58.1080229, -58.1277261, -58.1309332, -58.1462983, -58.1412221, 
-58.1507257, -58.2221255, -58.2693646, -58.2807513, -58.2747206, -58.262131, -58.2624256, -58.271223, -58.285303, -58.3027063, -58.3079028, -58.3218959, -58.3438907, -58.3707838, -58.3745232, -58.3676254, -58.374914, -58.3712524, -58.3758273, -58.3856901, -58.3927528, -58.4039524, -58.4435937, -58.470805, -58.4742686, -58.4629629, -58.4620363, -58.4410242, -58.4321176, -58.4442231, -58.4742329, -58.4771131, -58.5155389, -58.5317549, -58.5396392, -58.5426725, -58.5687859, -58.5908723, -58.5888188, 
-58.602207, -58.6134302, -58.6268101, -58.6336332, -58.6468949, -58.6428918, -58.6609494, -58.6690924, -58.6667809, -58.6752444, -58.6668771, -58.6684762, -58.6843668, -58.7055657, -58.7004395, -58.7056005, -58.6960859, -58.7168488, -58.7214914, -58.7174108, -58.7295543, -58.7311307, -58.7097261, -58.6920112, -58.7070789, -58.7387898, -58.7545613, -58.7810989, -58.8058995, -58.801342, -58.8162509, -58.8132978, -58.7999974, -58.7996866, -58.792042, -58.8104473, -58.8113929, -58.8007793, -58.8071052, 
-58.8579827, -58.8593227, -58.8777451, -58.9067994, -58.936156, -58.9684856, -58.9867572, -59.000575, -59.0155527, -59.0338874, -59.0450784, -59.0489103, -59.0744765, -59.0761798, -59.066977, -59.0623778, -59.1467698, -59.1732691, -59.1895722, -59.1891521, -59.1629632, -59.1326712, -59.1027093, -59.0678503, -59.0603835, -59.016045, -59.0023998, -59.0134682, -58.993609, -58.982523, -58.9746819, -58.9660687, -58.9507076, -58.929279, -58.8836912, -58.8729745, -58.8525832, -58.8431303, -58.8276271, -58.8137384, 
-58.7716471, -58.7615739, -58.7478262, -58.7491156, -58.7455037, -58.7400219, -58.7487894, -58.8435459, -58.8614574, -58.8801205, -58.8894898, -58.9137644, -58.934094, -58.9412701, -58.9361634, -58.9098127, -58.913336, -58.9337131, -58.9334795, -58.9143397, -58.8895383, -58.8762587, -58.8189645, -58.8158556, -58.8054312, -58.7921873, -58.7744761, -58.7650036, -58.7531727, -58.7556189, -58.7624699, -58.7729094, -58.7744942, -58.8014233, -58.8065512, -58.8205993, -58.8673119, -58.8723861, -58.8757517, 
-58.9054371, -58.9116585, -58.9308024, -58.9290264, -58.9471252, -58.9792591, -58.9912062, -59.0028788, -59.0180916, -58.9884392, -58.987239, -58.9938365, -58.989806, -59.0026241, -59.0339919, -59.0508347, -59.0594451, -59.1102679, -59.1175286, -59.1390161, -59.1540882, -59.1724229, -59.1923135, -59.2155148, -59.2329604, -59.2687698, -59.2839212, -59.2977371, -59.2965691, -59.3022783, -59.3151266, -59.3296797, -59.3450703, -59.347393, -59.3607901, -59.3734008, -59.3761756, -59.3846014, -59.3753526, 
-59.3756994, -59.3800692, -59.3972915, -59.3836991, -59.4067401, -59.4048778, -59.3959965, -59.3978169, -59.4250301, -59.4509962, -59.4579314, -59.4628593, -59.4678808, -59.4893592, -59.5233723, -59.5322593, -59.5655047, -59.5851984, -59.5909132, -59.6030193, -59.6192432, -59.6337725, -59.6640073, -59.6764815, -59.6716623, -59.6546658, -59.6309589, -59.6204661, -59.6224695, -59.6236052, -59.6078294, -59.6094789, -59.6076361, -59.6069545, -59.6074805, -59.60894, -59.6080849, -59.6062968, -59.6216921, 
-59.6234433, -59.6324022, -59.6292887, -59.614049, -59.6262972, -59.6201655, -59.604248, -59.5879613, -59.5780875, -59.5545997, -59.553265, -59.5486805, -59.5433413, -59.5446707, -59.55618, -59.5517472, -59.5494669, -59.5887927, -59.5899299, -59.6561762, -59.7067118, -59.7323228, -59.7495932, -59.7739718, -59.7753417, -59.7833125, -59.773561, -59.762821, -59.7585325, -59.773725, -59.7613873, -59.750976, -59.7660082, -59.7546808, -59.7406198, -59.7604711, -59.7917968, -59.8035612, -59.8318479, -59.8458262, 
-59.8523519, -59.8570613, -59.8764147, -59.8936973, -59.8982779, -59.8978585, -59.9188389, -59.9613523, -59.9729959, -59.9919646, -60.0164057, -60.0189863, -60.0048376, -59.9957217, -59.9910243, -59.9843421, -59.9754874, -59.976174, -59.9819286, -60.0043959, -60.0083567, -60.014684, -60.0398974, -60.0486814, -60.0793809, -60.1048951, -60.1246399, -60.1496188, -60.1890661, -60.2092147, -60.2435932, -60.2512137, -60.2419754, -60.2433624, -60.2452705, -60.2608492, -60.2791309, -60.3004098, -60.2982148, 
-60.3049402, -60.3315354, -60.3435345, -60.3469549, -60.3541251, -60.3616597, -60.3916649, -60.4037414, -60.403858, -60.3913849, -60.3968934, -60.4378438, -60.4498918, -60.449744, -60.4293658, -60.4065518, -60.3723896, -60.3650006, -60.3577114, -60.3524405, -60.3491402, -60.3553934, -60.35702, -60.3585699, -60.3585787, -60.3585935, -60.3581768, -60.3582807, -60.3584696, -60.3584879, -60.3584372, -60.3588357, -60.3597642, -60.3610636, -60.3644414, -60.4071374, -60.4127822, -60.412025, -60.4251311, 
-60.4377868, -60.449751, -60.4676262, -60.4720977, -60.489669, -60.4859782, -60.5040289, -60.5555989, -60.5736468, -60.5871632, -60.6250839, -60.6511118, -60.6765243, -60.7033866, -60.7084455, -60.7234508, -60.7387025, -60.7547735, -60.7390076, -60.7209558, -60.7055948, -60.6967866, -60.6954907, -60.7011931, -60.701499, -60.7060705, -60.7153318, -60.7211988, -60.7200265, -60.7667481, -60.7568264, -60.7738635, -60.7829127, -60.7845832, -60.7900754, -60.7914225, -60.8005749, -60.8161638, -60.831234, 
-60.8375029, -60.8361958, -60.8538403, -60.861296, -60.8738895, -60.8796414, -60.87635, -60.8753502, -60.8865672, -60.9234725, -60.9222693, -60.9313331, -60.9684087, -60.9799909, -61.0021565, -61.013499, -61.0009306, -61.0103924, -60.5955385, -59.6323077, -58.6690769, -57.7058462, -56.7426154, -55.7793846, -54.8161538, -53.8529231, -52.8896923, -51.9264615, -50.9632308, -50, -50, -50, -53.4425, -53.4425, -63.4166667, -63.4166667, -63.4166667, -63.4166667, -63.4166667, -63.4166667, -63.4166667, -63.4166667, 
-63.4166667, -63.4166667, -63.4166667, -63.4166667, -63.4166667, -63.4166667, -63.4166667, -63.4166667, -63.4166667, -63.4166667, -63.4166667, -63.4166667, -63.4166667, -63.4166667, -63.4166667, -63.4166667, -63.4166667, -63.4166667, -63.4166667, -63.4166667, -63.4166667, -63.4166667, -63.0083, -63.2339869, -63.2342692, -63.2404291, -63.2502711, -63.2557834, -63.2599963, -63.2601531, -63.2639624, -63.2643253, -63.2849767, -63.324437, -63.3465876, -63.3574533, -63.3650684, -63.3639488, -63.3664424, 
-63.3745065, -63.3769529, -63.3840233, -63.3860822, -63.3913996, -63.4004904, -63.4072283, -63.413001, -63.4158378, -63.4007013, -63.4007666, -63.3957732, -63.3934891, -63.3990764, -63.4019546, -63.3980946, -63.4001935, -63.407353, -63.4223998, -63.4244849, -63.4499991, -63.4665485, -63.4729654, -63.4784364, -63.4743937, -63.4757297, -63.4827567, -63.4853148, -63.49276, -63.5025206, -63.5075294, -63.5159003, -63.5163995, -63.5173735, -63.5235747, -63.5211522, -63.5221325, -63.5385216, -63.5504633, 
-63.583215, -63.6068135, -63.6133902, -63.643149, -63.6484375, -63.6420927, -63.6262554, -63.6135086, -63.609188, -63.6098336, -63.6146666, -63.6296651, -63.6407273, -63.6497826, -63.6503848, -63.6471103, -63.6536266, -63.6561945, -63.655414, -63.6459822, -63.6428606, -63.6352091, -63.6317135, -63.6275279, -63.6231011, -63.6115808, -63.6067454, -63.6045287, -63.6010139, -63.5970324, -63.5919823, -63.5867354, -63.579778, -63.573685, -63.5652715, -63.5595517, -63.5548771, -63.5505732, -63.5398667, 
-63.5358904, -63.5310511, -63.52744, -63.5085348, -63.4990956, -63.4901633, -63.4849518, -63.4792575, -63.4720276, -63.4717559, -63.4751611, -63.4869219, -63.4870363, -63.4824786, -63.4805606, -63.4837226, -63.4704141, -63.4549832, -63.4494232, -63.4418374, -63.4487773, -63.4762514, -63.4932909, -63.5094507, -63.5184672, -63.5352263, -63.5348133, -63.5376396, -63.5354343, -63.5371952, -63.5357467, -63.5380807, -63.5394417, -63.544254, -63.5431569, -63.5437211, -63.5522414, -63.5526644, -63.5566739, 
-63.5600154, -63.5600746, -63.5644328, -63.5643012, -63.5643102, -63.5635836, -63.5556321, -63.5558697, -63.560183, -63.5629911, -63.5537975, -63.5522731, -63.5582144, -63.5672425, -63.5684188, -63.5812973, -63.5980333, -63.603256, -63.6090062, -63.6071442, -63.6056616, -63.6009894, -63.6046363, -63.6107134, -63.617482, -63.6266515, -63.6290561, -63.6284478, -63.6324784, -63.6354548, -63.6350123, -63.6381464, -63.6298888, -63.6276297, -63.6268127, -63.6291325, -63.6276004, -63.6349244, -63.6419707, 
-63.6449083, -63.6471765, -63.6526109, -63.6634768, -63.6534349, -63.6471355, -63.6474147, -63.6482101, -63.6495388, -63.6537568, -63.6554122, -63.65663, -63.657921, -63.6618023, -63.6723903, -63.6725839, -63.6726681, -63.6741948, -63.6812548, -63.6835974, -63.6796201, -63.677786, -63.682639, -63.6838201, -63.6786549, -63.6753867, -63.6751168, -63.6870963, -63.6915181, -63.6753209, -63.6705609, -63.6737014, -63.6763014, -63.6740253, -63.665165, -63.6598932, -63.6610546, -63.6758167, -63.6766455, 
-63.6788932, -63.6848679, -63.6920776, -63.6983118, -63.7024815, -63.7086113, -63.7151759, -63.7283716, -63.7269048, -63.7321017, -63.7433437, -63.7469323, -63.7517387, -63.7542199, -63.752408, -63.7571249, -63.7708456, -63.7823052, -63.7868595, -63.7997032, -63.8088123, -63.8172332, -63.8396787, -63.8444877, -63.8497671, -63.8514705, -63.8450721, -63.8464101, -63.8407192, -63.8534709, -63.858027, -63.8655927, -63.8715074, -63.8765602, -63.8838667, -63.8945335, -63.9046552, -63.9165939, -63.9242301, 
-63.9348593, -63.93367, -63.9236434, -63.922759, -63.9311405, -63.9371653, -63.9383613, -63.9463931, -63.9492385, -63.9461392, -63.9511028, -63.9521727, -63.9654901, -63.9662469, -63.9704889, -63.9748355, -63.9798849, -63.9835462, -63.9846728, -63.9929927, -63.99633, -63.9981504, -64.0033781, -64.020189, -64.0307903, -64.0460791, -64.050674, -64.0640693, -64.0790855, -64.0992497, -64.1089323, -64.1138207, -64.1283346, -64.1379561, -64.1684329, -64.169856, -64.1770987, -64.1855542, -64.1891771, -64.1954792, 
-64.1988699, -64.2016247, -64.2102762, -64.2141806, -64.2177108, -64.2190569, -64.2191035, -64.2187804, -64.2106073, -64.2135011, -64.2080773, -64.2058347, -64.1894831, -64.1680582, -64.1634661, -64.166614, -64.1732956, -64.1801977, -64.1858836, -64.1922151, -64.2170523, -64.2177788, -64.2219686, -64.2299826, -64.2359475, -64.2423774, -64.2455101, -64.2514899, -64.253798, -64.2582325, -64.2580417, -64.2621995, -64.2776342, -64.283316, -64.2823717, -64.2662752, -64.2622667, -64.261284, -64.2697893, 
-64.2700555, -64.2708974, -64.2737367, -64.274628, -64.2759528, -64.2811191, -64.2835343, -64.2837776, -64.2962886, -64.2984376, -64.2984344, -64.3128044, -64.3307435, -64.3452091, -64.3519529, -64.350326, -64.351958, -64.3564122, -64.3626092, -64.3699446, -64.3802673, -64.3935505, -64.3978702, -64.4050045, -64.411622, -64.4201144, -64.420571, -64.4258537, -64.4142075, -64.4142522, -64.4125228, -64.4144034, -64.4228573, -64.4479723, -64.4562546, -64.4942722, -64.5102272, -64.5184664, -64.5282365, 
-64.5462286, -64.5548416, -64.5600814, -64.5567673, -64.5544238, -64.558296, -64.5566761, -64.5499271, -64.5458567, -64.5337423, -64.5237475, -64.5205955, -64.5224224, -64.5140552, -64.4987165, -64.4791385, -64.453056, -64.4418182, -64.4388566, -64.4264797, -64.4250991, -64.4426357, -64.4521628, -64.4523447, -64.4584381, -64.462075, -64.4704307, -64.4742495, -64.4729092, -64.4653576, -64.4667817, -64.4623851, -64.4553428, -64.4535712, -64.4515734, -64.449401, -64.4504403, -64.4433928, -64.4414744, 
-64.4371324, -64.431872, -64.4310426, -64.4236888, -64.4210882, -64.4123602, -64.403986, -64.3925871, -64.3838802, -64.3785956, -64.3639259, -64.3520847, -64.3475063, -64.3362293, -64.3242857, -64.330583, -64.3273654, -64.314253, -64.3088802, -64.3098433, -64.3220147, -64.3321097, -64.3388005, -64.3572189, -64.3711613, -64.3749225, -64.3918956, -64.3952145, -64.3935067, -64.400185, -64.4082196, -64.4169968, -64.4207078, -64.4266515, -64.4325926, -64.4343612, -64.4443113, -64.4537135, -64.4595154, 
-64.4615009, -64.4632808, -64.4692831, -64.4715449, -64.4806812, -64.4841377, -64.4852632, -64.4932173, -64.4975439, -64.5009279, -64.5070152, -64.5100689, -64.5079871, -64.511524, -64.5156133, -64.5318588, -64.5350344, -64.5369553, -64.5386514, -64.5521683, -64.5668305, -64.5722086, -64.5823003, -64.5924753, -64.5992665, -64.6036163, -64.5793634, -64.5741138, -64.5740692, -64.5715162, -64.564369, -64.5602376, -64.5577943, -64.5476113, -64.5352993, -64.5313993, -64.5149199, -64.4932568, -64.4496882, 
-64.441512, -64.4294588, -64.4179549, -64.4163176, -64.4233604, -64.4195879, -64.4228751, -64.421707, -64.4139401, -64.4089478, -64.3973714, -64.394897, -64.3873813, -64.3778643, -64.3727587, -64.3743154, -64.3800792, -64.39586, -64.403632, -64.4189408, -64.4275301, -64.4269642, -64.4312382, -64.437899, -64.4433372, -64.4508736, -64.4639833, -64.4658534, -64.4753812, -64.4821375, -64.4806086, -64.4861973, -64.4997188, -64.4993185, -64.5107569, -64.5152289, -64.5144207, -64.5181493, -64.5290035, -64.5419222, 
-64.5681582, -64.5744881, -64.5761441, -64.5722227, -64.5612094, -64.5515629, -64.5432234, -64.5350198, -64.5369461, -64.5450618, -64.5464796, -64.5437556, -64.5424695, -64.5488052, -64.5540774, -64.560841, -64.574537, -64.579793, -64.5840819, -64.6029855, -64.6115534, -64.6136068, -64.6081486, -64.60956, -64.624876, -64.6260182, -64.6314506, -64.641622, -64.6449946, -64.6474935, -64.6478239, -64.6483755, -64.6503459, -64.650807, -64.6512469, -64.6514353, -64.6523161, -64.6531454, -64.6539156, -64.654418, 
-64.6551541, -64.6550859, -64.6511052, -64.645226, -64.632344, -64.6293344, -64.6307227, -64.63659, -64.6466384, -64.6505655, -64.6663963, -64.6727999, -64.685412, -64.6874808, -64.6979606, -64.7035564, -64.7047747, -64.7061576, -64.7166583, -64.7224283, -64.7233261, -64.7284311, -64.7520153, -64.7676476, -64.7744674, -64.7861514, -64.7881008, -64.7924776, -64.7923481, -64.7924049, -64.7967536, -64.7922627, -64.7940607, -64.8050167, -64.8211993, -64.8304745, -64.8350785, -64.8341029, -64.8338166, 
-64.8337792, -64.8338567, -64.8474508, -64.8447488, -64.8486668, -64.8523477, -64.8591714, -64.8650773, -64.8639784, -64.874561, -64.8785256, -64.8862839, -64.8912664, -64.9000599, -64.9138191, -64.9197579, -64.9276414, -64.933627, -64.9481999, -64.9542943, -64.9716251, -64.9802515, -65, -65, -65, -65, -65, -65, -65, -65, -65, -65, -65, -65, -65, -64, -61.8927419, -61.8987, -63.4166667)) "negative"
"20" 2009 "SSIW" -0.254 list(c(-58, -59.4841667, -59.5536167, -60.5258333, -63.3036167, -62.795, -61.9842, -58, -58, -60, -60, -60.7958333, -60.7958333, -62.2125, -62.5, -62.9563, -61.8987, -60)) "negative"
"21" 2010 "BS" -0.201680805518117 list(c(-56.255, -56.3, -56.4, -56.5, -56.6, -56.7, -56.8, -56.9, -57, -57.1, -57.2, -57.3, -57.4, -57.5, -57.6, -57.7, -57.8, -57.9, -58, -61.9842, -59.9949667, -56.255, -56.255, -61.8987, -61.8987, -61.8987, -61.8987, -61.8987, -61.8987, -61.8987, -61.8987, -61.8987, -61.8987, -61.8987, -61.8987, -61.8987, -61.8987, -61.8987, -61.8987, -61.8987, -61.8987, -61.8987, -62.9563, -63.8809, -63.0083, -61.8987)) "negative"
"22" 2010 "EI" -0.707142857142858 list(c(-53.4425, -53.5, -53.6, -53.7, -53.8, -53.9, -54, -54.1, -54.2, -54.3, -54.4, -54.5, -54.6, -54.7, -54.8, -54.9, -55, -55.1, -55.2, -55.3, -55.4, -55.5, -55.6, -55.7, -55.8, -55.9, -56, -56.1, -56.2, -56.3, -56.4, -56.5, -56.6, -56.7, -56.8, -56.9, -57, -57.1, -57.2, -57.3, -57.4, -57.5, -57.6, -57.7, -57.8, -57.9, -58, -58, -57.9, -57.8, -57.7, -57.6, -57.5, -57.4, -57.3, -57.2, -57.1, -57, -56.9, -56.8, -56.7, -56.6, -56.5, -56.4, -56.3, -56.255, -56.2, -56.1, -56, -55.9, -55.8, -55.7, -55.6, 
-55.5, -55.4, -55.3, -55.2, -55.1, -55, -54.9, -54.8, -54.7, -54.6, -54.5, -54.4, -54.3, -54.2, -54.1, -54, -53.9, -53.8, -53.7, -53.6, -53.5, -53.4425, -53.4425, -60, -60, -60, -60, -60, -60, -60, -60, -60, -60, -60, -60, -60, -60, -60, -60, -60, -60, -60, -60, -60, -60, -60, -60, -60, -60, -60, -60, -60, -60, -60, -60, -60, -60, -60, -60, -60, -60, -60, -60, -60, -60, -60, -60, -60, -60, -60, -61.8987, -61.8987, -61.8987, -61.8987, -61.8987, -61.8987, -61.8987, -61.8987, -61.8987, -61.8987, -61.8987, 
-61.8987, -61.8987, -61.8987, -61.8987, -61.8987, -61.8987, -61.8987, -61.8987, -61.8987, -61.8987, -61.8987, -61.8987, -61.8987, -61.8987, -61.8987, -61.8987, -61.8987, -61.8987, -61.8987, -61.8987, -61.8987, -61.8987, -61.8987, -61.8987, -61.8987, -61.8987, -61.8987, -61.8987, -61.8987, -61.8987, -61.8987, -61.8987, -61.8987, -61.8987, -61.8987, -61.8987, -61.8987, -60)) "negative"
"23" 2010 "Extra" -0.408364859813084 list(c(-66.3476, -63.5504, -59.74, -59.9949667, -61.9842, -62.795, -66.3476, -64.3, -65.727, -64, -63.8809, -62.9563, -62.5, -64.3)) "negative"
"24" 2010 "OuterNE" -0.86929 list(c(-50, -50.952381, -51.9047619, -52.8571429, -53.4425, -53.4425, -50, -50, -60, -60, -60, -60, -60.0010064, -61.8987, -61.8927419, -60)) "negative"
"25" 2010 "OuterNW" -1.11828166666667 list(list(c(-63.9767737, -63.988125, -63.9746425, -63.9787202, -63.9715889, -63.9544182, -63.9447379, -63.9358722, -63.9312656, -63.9191004, -63.905451, -63.9130283, -63.9076788, -63.8828849, -63.8647138, -63.8532367, -63.8247362, -63.7887373, -63.9784955, -63.9767737, -65.5261709, -65.5293237, -65.5612053, -65.570054, -65.5756642, -65.5776294, -65.5784525, -65.5814512, -65.5923484, -65.5937256, -65.5914797, -65.6024598, -65.6071893, -65.6077719, -65.6010756, -65.6058331, -65.6301864, -65.6139368, 
-65.5228473, -65.5261709)), list(c(-59.424958, -58.1682626, -58.5714286, -59.424958, -60.0003952, -60.0010372, -60, -60.0003952)), list(c(-64.2857143, -65.2380952, -66.1904762, -67.1428571, -68.0952381, -69.047619, -70, -70, -66.3476, -62.795, -63.3036167, -60.5258333, -59.5536167, -59.4841811, -59.5238095, -60.4761905, -61.4285714, -62.3809524, -63.3333333, -64.2857143, -60, -60, -60, -60, -60, -60, -60, -64.297903, -64.3, -62.5, -62.2125, -60.7958333, -60.7958333, -60.0001694, -60, -60, -60, -60, 
-60, -60))) "negative"
"26" 2010 "SSIW" -0.683678915662651 list(c(-58, -59.4841667, -59.5536167, -60.5258333, -63.3036167, -62.795, -61.9842, -58, -58, -60, -60, -60.7958333, -60.7958333, -62.2125, -62.5, -62.9563, -61.8987, -60)) "negative"
"27" 2011 "BS" -0.756132075471698 list(c(-56.255, -56.3, -56.4, -56.5, -56.6, -56.7, -56.8, -56.9, -57, -57.1, -57.2, -57.3, -57.4, -57.5, -57.6, -57.7, -57.8, -57.9, -58, -61.9842, -59.9949667, -56.255, -56.255, -61.8987, -61.8987, -61.8987, -61.8987, -61.8987, -61.8987, -61.8987, -61.8987, -61.8987, -61.8987, -61.8987, -61.8987, -61.8987, -61.8987, -61.8987, -61.8987, -61.8987, -61.8987, -61.8987, -62.9563, -63.8809, -63.0083, -61.8987)) "negative"
"28" 2011 "EI" -1.325375 list(c(-53.4425, -53.5, -53.6, -53.7, -53.8, -53.9, -54, -54.1, -54.2, -54.3, -54.4, -54.5, -54.6, -54.7, -54.8, -54.9, -55, -55.1, -55.2, -55.3, -55.4, -55.5, -55.6, -55.7, -55.8, -55.9, -56, -56.1, -56.2, -56.3, -56.4, -56.5, -56.6, -56.7, -56.8, -56.9, -57, -57.1, -57.2, -57.3, -57.4, -57.5, -57.6, -57.7, -57.8, -57.9, -58, -58, -57.9, -57.8, -57.7, -57.6, -57.5, -57.4, -57.3, -57.2, -57.1, -57, -56.9, -56.8, -56.7, -56.6, -56.5, -56.4, -56.3, -56.255, -56.2, -56.1, -56, -55.9, -55.8, -55.7, -55.6, 
-55.5, -55.4, -55.3, -55.2, -55.1, -55, -54.9, -54.8, -54.7, -54.6, -54.5, -54.4, -54.3, -54.2, -54.1, -54, -53.9, -53.8, -53.7, -53.6, -53.5, -53.4425, -53.4425, -60, -60, -60, -60, -60, -60, -60, -60, -60, -60, -60, -60, -60, -60, -60, -60, -60, -60, -60, -60, -60, -60, -60, -60, -60, -60, -60, -60, -60, -60, -60, -60, -60, -60, -60, -60, -60, -60, -60, -60, -60, -60, -60, -60, -60, -60, -60, -61.8987, -61.8987, -61.8987, -61.8987, -61.8987, -61.8987, -61.8987, -61.8987, -61.8987, -61.8987, -61.8987, 
-61.8987, -61.8987, -61.8987, -61.8987, -61.8987, -61.8987, -61.8987, -61.8987, -61.8987, -61.8987, -61.8987, -61.8987, -61.8987, -61.8987, -61.8987, -61.8987, -61.8987, -61.8987, -61.8987, -61.8987, -61.8987, -61.8987, -61.8987, -61.8987, -61.8987, -61.8987, -61.8987, -61.8987, -61.8987, -61.8987, -61.8987, -61.8987, -61.8987, -61.8987, -61.8987, -61.8987, -61.8987, -60)) "negative"
"29" 2011 "SSIW" -0.972086057004512 list(c(-58, -59.4841667, -59.5536167, -60.5258333, -63.3036167, -62.795, -61.9842, -58, -58, -60, -60, -60.7958333, -60.7958333, -62.2125, -62.5, -62.9563, -61.8987, -60)) "negative"
"30" 2012 "BS" 0.336907345708392 list(c(-56.255, -56.3, -56.4, -56.5, -56.6, -56.7, -56.8, -56.9, -57, -57.1, -57.2, -57.3, -57.4, -57.5, -57.6, -57.7, -57.8, -57.9, -58, -61.9842, -59.9949667, -56.255, -56.255, -61.8987, -61.8987, -61.8987, -61.8987, -61.8987, -61.8987, -61.8987, -61.8987, -61.8987, -61.8987, -61.8987, -61.8987, -61.8987, -61.8987, -61.8987, -61.8987, -61.8987, -61.8987, -61.8987, -62.9563, -63.8809, -63.0083, -61.8987)) "positive"
"31" 2012 "EI" -0.0260000000000004 list(c(-53.4425, -53.5, -53.6, -53.7, -53.8, -53.9, -54, -54.1, -54.2, -54.3, -54.4, -54.5, -54.6, -54.7, -54.8, -54.9, -55, -55.1, -55.2, -55.3, -55.4, -55.5, -55.6, -55.7, -55.8, -55.9, -56, -56.1, -56.2, -56.3, -56.4, -56.5, -56.6, -56.7, -56.8, -56.9, -57, -57.1, -57.2, -57.3, -57.4, -57.5, -57.6, -57.7, -57.8, -57.9, -58, -58, -57.9, -57.8, -57.7, -57.6, -57.5, -57.4, -57.3, -57.2, -57.1, -57, -56.9, -56.8, -56.7, -56.6, -56.5, -56.4, -56.3, -56.255, -56.2, -56.1, -56, -55.9, -55.8, -55.7, -55.6, 
-55.5, -55.4, -55.3, -55.2, -55.1, -55, -54.9, -54.8, -54.7, -54.6, -54.5, -54.4, -54.3, -54.2, -54.1, -54, -53.9, -53.8, -53.7, -53.6, -53.5, -53.4425, -53.4425, -60, -60, -60, -60, -60, -60, -60, -60, -60, -60, -60, -60, -60, -60, -60, -60, -60, -60, -60, -60, -60, -60, -60, -60, -60, -60, -60, -60, -60, -60, -60, -60, -60, -60, -60, -60, -60, -60, -60, -60, -60, -60, -60, -60, -60, -60, -60, -61.8987, -61.8987, -61.8987, -61.8987, -61.8987, -61.8987, -61.8987, -61.8987, -61.8987, -61.8987, -61.8987, 
-61.8987, -61.8987, -61.8987, -61.8987, -61.8987, -61.8987, -61.8987, -61.8987, -61.8987, -61.8987, -61.8987, -61.8987, -61.8987, -61.8987, -61.8987, -61.8987, -61.8987, -61.8987, -61.8987, -61.8987, -61.8987, -61.8987, -61.8987, -61.8987, -61.8987, -61.8987, -61.8987, -61.8987, -61.8987, -61.8987, -61.8987, -61.8987, -61.8987, -61.8987, -61.8987, -61.8987, -61.8987, -60)) "negative"
"32" 2012 "Extra" 0.384070188518479 list(c(-66.3476, -63.5504, -59.74, -59.9949667, -61.9842, -62.795, -66.3476, -64.3, -65.727, -64, -63.8809, -62.9563, -62.5, -64.3)) "positive"
"33" 2012 "SSIW" -0.664019900836973 list(c(-58, -59.4841667, -59.5536167, -60.5258333, -63.3036167, -62.795, -61.9842, -58, -58, -60, -60, -60.7958333, -60.7958333, -62.2125, -62.5, -62.9563, -61.8987, -60)) "negative"
"34" 2013 "BS" 0.242930965720254 list(c(-56.255, -56.3, -56.4, -56.5, -56.6, -56.7, -56.8, -56.9, -57, -57.1, -57.2, -57.3, -57.4, -57.5, -57.6, -57.7, -57.8, -57.9, -58, -61.9842, -59.9949667, -56.255, -56.255, -61.8987, -61.8987, -61.8987, -61.8987, -61.8987, -61.8987, -61.8987, -61.8987, -61.8987, -61.8987, -61.8987, -61.8987, -61.8987, -61.8987, -61.8987, -61.8987, -61.8987, -61.8987, -61.8987, -62.9563, -63.8809, -63.0083, -61.8987)) "positive"
"35" 2013 "EI" -0.2341086875 list(c(-53.4425, -53.5, -53.6, -53.7, -53.8, -53.9, -54, -54.1, -54.2, -54.3, -54.4, -54.5, -54.6, -54.7, -54.8, -54.9, -55, -55.1, -55.2, -55.3, -55.4, -55.5, -55.6, -55.7, -55.8, -55.9, -56, -56.1, -56.2, -56.3, -56.4, -56.5, -56.6, -56.7, -56.8, -56.9, -57, -57.1, -57.2, -57.3, -57.4, -57.5, -57.6, -57.7, -57.8, -57.9, -58, -58, -57.9, -57.8, -57.7, -57.6, -57.5, -57.4, -57.3, -57.2, -57.1, -57, -56.9, -56.8, -56.7, -56.6, -56.5, -56.4, -56.3, -56.255, -56.2, -56.1, -56, -55.9, -55.8, -55.7, -55.6, 
-55.5, -55.4, -55.3, -55.2, -55.1, -55, -54.9, -54.8, -54.7, -54.6, -54.5, -54.4, -54.3, -54.2, -54.1, -54, -53.9, -53.8, -53.7, -53.6, -53.5, -53.4425, -53.4425, -60, -60, -60, -60, -60, -60, -60, -60, -60, -60, -60, -60, -60, -60, -60, -60, -60, -60, -60, -60, -60, -60, -60, -60, -60, -60, -60, -60, -60, -60, -60, -60, -60, -60, -60, -60, -60, -60, -60, -60, -60, -60, -60, -60, -60, -60, -60, -61.8987, -61.8987, -61.8987, -61.8987, -61.8987, -61.8987, -61.8987, -61.8987, -61.8987, -61.8987, -61.8987, 
-61.8987, -61.8987, -61.8987, -61.8987, -61.8987, -61.8987, -61.8987, -61.8987, -61.8987, -61.8987, -61.8987, -61.8987, -61.8987, -61.8987, -61.8987, -61.8987, -61.8987, -61.8987, -61.8987, -61.8987, -61.8987, -61.8987, -61.8987, -61.8987, -61.8987, -61.8987, -61.8987, -61.8987, -61.8987, -61.8987, -61.8987, -61.8987, -61.8987, -61.8987, -61.8987, -61.8987, -61.8987, -60)) "negative"
"36" 2013 "Extra" 0.356475760717117 list(c(-66.3476, -63.5504, -59.74, -59.9949667, -61.9842, -62.795, -66.3476, -64.3, -65.727, -64, -63.8809, -62.9563, -62.5, -64.3)) "positive"
"37" 2013 "SSIW" -0.229869282296651 list(c(-58, -59.4841667, -59.5536167, -60.5258333, -63.3036167, -62.795, -61.9842, -58, -58, -60, -60, -60.7958333, -60.7958333, -62.2125, -62.5, -62.9563, -61.8987, -60)) "negative"
"38" 2014 "BS" -0.0944309328008988 list(c(-56.255, -56.3, -56.4, -56.5, -56.6, -56.7, -56.8, -56.9, -57, -57.1, -57.2, -57.3, -57.4, -57.5, -57.6, -57.7, -57.8, -57.9, -58, -61.9842, -59.9949667, -56.255, -56.255, -61.8987, -61.8987, -61.8987, -61.8987, -61.8987, -61.8987, -61.8987, -61.8987, -61.8987, -61.8987, -61.8987, -61.8987, -61.8987, -61.8987, -61.8987, -61.8987, -61.8987, -61.8987, -61.8987, -62.9563, -63.8809, -63.0083, -61.8987)) "negative"
"39" 2014 "EI" -0.118407213114754 list(c(-53.4425, -53.5, -53.6, -53.7, -53.8, -53.9, -54, -54.1, -54.2, -54.3, -54.4, -54.5, -54.6, -54.7, -54.8, -54.9, -55, -55.1, -55.2, -55.3, -55.4, -55.5, -55.6, -55.7, -55.8, -55.9, -56, -56.1, -56.2, -56.3, -56.4, -56.5, -56.6, -56.7, -56.8, -56.9, -57, -57.1, -57.2, -57.3, -57.4, -57.5, -57.6, -57.7, -57.8, -57.9, -58, -58, -57.9, -57.8, -57.7, -57.6, -57.5, -57.4, -57.3, -57.2, -57.1, -57, -56.9, -56.8, -56.7, -56.6, -56.5, -56.4, -56.3, -56.255, -56.2, -56.1, -56, -55.9, -55.8, -55.7, -55.6, 
-55.5, -55.4, -55.3, -55.2, -55.1, -55, -54.9, -54.8, -54.7, -54.6, -54.5, -54.4, -54.3, -54.2, -54.1, -54, -53.9, -53.8, -53.7, -53.6, -53.5, -53.4425, -53.4425, -60, -60, -60, -60, -60, -60, -60, -60, -60, -60, -60, -60, -60, -60, -60, -60, -60, -60, -60, -60, -60, -60, -60, -60, -60, -60, -60, -60, -60, -60, -60, -60, -60, -60, -60, -60, -60, -60, -60, -60, -60, -60, -60, -60, -60, -60, -60, -61.8987, -61.8987, -61.8987, -61.8987, -61.8987, -61.8987, -61.8987, -61.8987, -61.8987, -61.8987, -61.8987, 
-61.8987, -61.8987, -61.8987, -61.8987, -61.8987, -61.8987, -61.8987, -61.8987, -61.8987, -61.8987, -61.8987, -61.8987, -61.8987, -61.8987, -61.8987, -61.8987, -61.8987, -61.8987, -61.8987, -61.8987, -61.8987, -61.8987, -61.8987, -61.8987, -61.8987, -61.8987, -61.8987, -61.8987, -61.8987, -61.8987, -61.8987, -61.8987, -61.8987, -61.8987, -61.8987, -61.8987, -61.8987, -60)) "negative"
"40" 2014 "Extra" -0.214407766990292 list(c(-66.3476, -63.5504, -59.74, -59.9949667, -61.9842, -62.795, -66.3476, -64.3, -65.727, -64, -63.8809, -62.9563, -62.5, -64.3)) "negative"
"41" 2014 "SSIW" -0.360290493865347 list(c(-58, -59.4841667, -59.5536167, -60.5258333, -63.3036167, -62.795, -61.9842, -58, -58, -60, -60, -60.7958333, -60.7958333, -62.2125, -62.5, -62.9563, -61.8987, -60)) "negative"
"42" 2015 "BS" -0.0831053296591663 list(c(-56.255, -56.3, -56.4, -56.5, -56.6, -56.7, -56.8, -56.9, -57, -57.1, -57.2, -57.3, -57.4, -57.5, -57.6, -57.7, -57.8, -57.9, -58, -61.9842, -59.9949667, -56.255, -56.255, -61.8987, -61.8987, -61.8987, -61.8987, -61.8987, -61.8987, -61.8987, -61.8987, -61.8987, -61.8987, -61.8987, -61.8987, -61.8987, -61.8987, -61.8987, -61.8987, -61.8987, -61.8987, -61.8987, -62.9563, -63.8809, -63.0083, -61.8987)) "negative"
"43" 2015 "EI" -0.87196875 list(c(-53.4425, -53.5, -53.6, -53.7, -53.8, -53.9, -54, -54.1, -54.2, -54.3, -54.4, -54.5, -54.6, -54.7, -54.8, -54.9, -55, -55.1, -55.2, -55.3, -55.4, -55.5, -55.6, -55.7, -55.8, -55.9, -56, -56.1, -56.2, -56.3, -56.4, -56.5, -56.6, -56.7, -56.8, -56.9, -57, -57.1, -57.2, -57.3, -57.4, -57.5, -57.6, -57.7, -57.8, -57.9, -58, -58, -57.9, -57.8, -57.7, -57.6, -57.5, -57.4, -57.3, -57.2, -57.1, -57, -56.9, -56.8, -56.7, -56.6, -56.5, -56.4, -56.3, -56.255, -56.2, -56.1, -56, -55.9, -55.8, -55.7, -55.6, 
-55.5, -55.4, -55.3, -55.2, -55.1, -55, -54.9, -54.8, -54.7, -54.6, -54.5, -54.4, -54.3, -54.2, -54.1, -54, -53.9, -53.8, -53.7, -53.6, -53.5, -53.4425, -53.4425, -60, -60, -60, -60, -60, -60, -60, -60, -60, -60, -60, -60, -60, -60, -60, -60, -60, -60, -60, -60, -60, -60, -60, -60, -60, -60, -60, -60, -60, -60, -60, -60, -60, -60, -60, -60, -60, -60, -60, -60, -60, -60, -60, -60, -60, -60, -60, -61.8987, -61.8987, -61.8987, -61.8987, -61.8987, -61.8987, -61.8987, -61.8987, -61.8987, -61.8987, -61.8987, 
-61.8987, -61.8987, -61.8987, -61.8987, -61.8987, -61.8987, -61.8987, -61.8987, -61.8987, -61.8987, -61.8987, -61.8987, -61.8987, -61.8987, -61.8987, -61.8987, -61.8987, -61.8987, -61.8987, -61.8987, -61.8987, -61.8987, -61.8987, -61.8987, -61.8987, -61.8987, -61.8987, -61.8987, -61.8987, -61.8987, -61.8987, -61.8987, -61.8987, -61.8987, -61.8987, -61.8987, -61.8987, -60)) "negative"
"44" 2015 "Extra" -0.113494626502197 list(c(-66.3476, -63.5504, -59.74, -59.9949667, -61.9842, -62.795, -66.3476, -64.3, -65.727, -64, -63.8809, -62.9563, -62.5, -64.3)) "negative"
"45" 2015 "SSIW" -0.8314 list(c(-58, -59.4841667, -59.5536167, -60.5258333, -63.3036167, -62.795, -61.9842, -58, -58, -60, -60, -60.7958333, -60.7958333, -62.2125, -62.5, -62.9563, -61.8987, -60)) "negative"
"46" 2016 "BS" -0.284590391430695 list(c(-56.255, -56.3, -56.4, -56.5, -56.6, -56.7, -56.8, -56.9, -57, -57.1, -57.2, -57.3, -57.4, -57.5, -57.6, -57.7, -57.8, -57.9, -58, -61.9842, -59.9949667, -56.255, -56.255, -61.8987, -61.8987, -61.8987, -61.8987, -61.8987, -61.8987, -61.8987, -61.8987, -61.8987, -61.8987, -61.8987, -61.8987, -61.8987, -61.8987, -61.8987, -61.8987, -61.8987, -61.8987, -61.8987, -62.9563, -63.8809, -63.0083, -61.8987)) "negative"
"47" 2016 "EI" -0.584394784946237 list(c(-53.4425, -53.5, -53.6, -53.7, -53.8, -53.9, -54, -54.1, -54.2, -54.3, -54.4, -54.5, -54.6, -54.7, -54.8, -54.9, -55, -55.1, -55.2, -55.3, -55.4, -55.5, -55.6, -55.7, -55.8, -55.9, -56, -56.1, -56.2, -56.3, -56.4, -56.5, -56.6, -56.7, -56.8, -56.9, -57, -57.1, -57.2, -57.3, -57.4, -57.5, -57.6, -57.7, -57.8, -57.9, -58, -58, -57.9, -57.8, -57.7, -57.6, -57.5, -57.4, -57.3, -57.2, -57.1, -57, -56.9, -56.8, -56.7, -56.6, -56.5, -56.4, -56.3, -56.255, -56.2, -56.1, -56, -55.9, -55.8, -55.7, -55.6, 
-55.5, -55.4, -55.3, -55.2, -55.1, -55, -54.9, -54.8, -54.7, -54.6, -54.5, -54.4, -54.3, -54.2, -54.1, -54, -53.9, -53.8, -53.7, -53.6, -53.5, -53.4425, -53.4425, -60, -60, -60, -60, -60, -60, -60, -60, -60, -60, -60, -60, -60, -60, -60, -60, -60, -60, -60, -60, -60, -60, -60, -60, -60, -60, -60, -60, -60, -60, -60, -60, -60, -60, -60, -60, -60, -60, -60, -60, -60, -60, -60, -60, -60, -60, -60, -61.8987, -61.8987, -61.8987, -61.8987, -61.8987, -61.8987, -61.8987, -61.8987, -61.8987, -61.8987, -61.8987, 
-61.8987, -61.8987, -61.8987, -61.8987, -61.8987, -61.8987, -61.8987, -61.8987, -61.8987, -61.8987, -61.8987, -61.8987, -61.8987, -61.8987, -61.8987, -61.8987, -61.8987, -61.8987, -61.8987, -61.8987, -61.8987, -61.8987, -61.8987, -61.8987, -61.8987, -61.8987, -61.8987, -61.8987, -61.8987, -61.8987, -61.8987, -61.8987, -61.8987, -61.8987, -61.8987, -61.8987, -61.8987, -60)) "negative"
"48" 2016 "Extra" -0.12922546141983 list(c(-66.3476, -63.5504, -59.74, -59.9949667, -61.9842, -62.795, -66.3476, -64.3, -65.727, -64, -63.8809, -62.9563, -62.5, -64.3)) "negative"
"49" 2016 "JOIN" -0.673 list(c(-53.4425, -53.5, -53.6, -53.7, -53.8, -53.9, -54, -54.1, -54.2, -54.3, -54.4, -54.5, -54.6, -54.7, -54.8, -54.9, -55, -55.1, -55.2, -55.3, -55.4, -55.5, -55.6, -55.7, -55.8, -55.9, -56, -56.1, -56.2, -56.255, -56.255, -56.255, -56.2, -56.1, -56, -55.9, -55.8, -55.7, -55.6, -55.5, -55.4, -55.3, -55.2, -55.1, -55, -54.9, -54.8, -54.7, -54.6, -54.5, -54.4, -54.3, -54.2, -54.1, -54, -53.9, -53.8, -53.7, -53.6, -53.5, -53.4425, -53.4425, -61.8987, -61.8987, -61.8987, -61.8987, -61.8987, -61.8987, 
-61.8987, -61.8987, -61.8987, -61.8987, -61.8987, -61.8987, -61.8987, -61.8987, -61.8987, -61.8987, -61.8987, -61.8987, -61.8987, -61.8987, -61.8987, -61.8987, -61.8987, -61.8987, -61.8987, -61.8987, -61.8987, -61.8987, -61.8987, -61.8987, -63.0083, -63.4166667, -63.4166667, -63.4166667, -63.4166667, -63.4166667, -63.4166667, -63.4166667, -63.4166667, -63.4166667, -63.4166667, -63.4166667, -63.4166667, -63.4166667, -63.4166667, -63.4166667, -63.4166667, -63.4166667, -63.4166667, -63.4166667, -63.4166667, 
-63.4166667, -63.4166667, -63.4166667, -63.4166667, -63.4166667, -63.4166667, -63.4166667, -63.4166667, -63.4166667, -63.4166667, -61.8987)) "negative"
"50" 2016 "SSIW" -0.433444033264034 list(c(-58, -59.4841667, -59.5536167, -60.5258333, -63.3036167, -62.795, -61.9842, -58, -58, -60, -60, -60.7958333, -60.7958333, -62.2125, -62.5, -62.9563, -61.8987, -60)) "negative"
"51" 2017 "BS" 0.242000653428679 list(c(-56.255, -56.3, -56.4, -56.5, -56.6, -56.7, -56.8, -56.9, -57, -57.1, -57.2, -57.3, -57.4, -57.5, -57.6, -57.7, -57.8, -57.9, -58, -61.9842, -59.9949667, -56.255, -56.255, -61.8987, -61.8987, -61.8987, -61.8987, -61.8987, -61.8987, -61.8987, -61.8987, -61.8987, -61.8987, -61.8987, -61.8987, -61.8987, -61.8987, -61.8987, -61.8987, -61.8987, -61.8987, -61.8987, -62.9563, -63.8809, -63.0083, -61.8987)) "positive"
"52" 2017 "Extra" -0.125905926229509 list(c(-66.3476, -63.5504, -59.74, -59.9949667, -61.9842, -62.795, -66.3476, -64.3, -65.727, -64, -63.8809, -62.9563, -62.5, -64.3)) "negative"
"53" 2017 "JOIN" -0.0743333333333337 list(c(-53.4425, -53.5, -53.6, -53.7, -53.8, -53.9, -54, -54.1, -54.2, -54.3, -54.4, -54.5, -54.6, -54.7, -54.8, -54.9, -55, -55.1, -55.2, -55.3, -55.4, -55.5, -55.6, -55.7, -55.8, -55.9, -56, -56.1, -56.2, -56.255, -56.255, -56.255, -56.2, -56.1, -56, -55.9, -55.8, -55.7, -55.6, -55.5, -55.4, -55.3, -55.2, -55.1, -55, -54.9, -54.8, -54.7, -54.6, -54.5, -54.4, -54.3, -54.2, -54.1, -54, -53.9, -53.8, -53.7, -53.6, -53.5, -53.4425, -53.4425, -61.8987, -61.8987, -61.8987, -61.8987, -61.8987, -61.8987, 
-61.8987, -61.8987, -61.8987, -61.8987, -61.8987, -61.8987, -61.8987, -61.8987, -61.8987, -61.8987, -61.8987, -61.8987, -61.8987, -61.8987, -61.8987, -61.8987, -61.8987, -61.8987, -61.8987, -61.8987, -61.8987, -61.8987, -61.8987, -61.8987, -63.0083, -63.4166667, -63.4166667, -63.4166667, -63.4166667, -63.4166667, -63.4166667, -63.4166667, -63.4166667, -63.4166667, -63.4166667, -63.4166667, -63.4166667, -63.4166667, -63.4166667, -63.4166667, -63.4166667, -63.4166667, -63.4166667, -63.4166667, -63.4166667, 
-63.4166667, -63.4166667, -63.4166667, -63.4166667, -63.4166667, -63.4166667, -63.4166667, -63.4166667, -63.4166667, -63.4166667, -61.8987)) "negative"
"54" 2017 "OuterNE" -0.114135 list(c(-50, -50.952381, -51.9047619, -52.8571429, -53.4425, -53.4425, -50, -50, -60, -60, -60, -60, -60.0010064, -61.8987, -61.8927419, -60)) "negative"
"55" 2017 "SSIW" -0.482746176470589 list(c(-58, -59.4841667, -59.5536167, -60.5258333, -63.3036167, -62.795, -61.9842, -58, -58, -60, -60, -60.7958333, -60.7958333, -62.2125, -62.5, -62.9563, -61.8987, -60)) "negative"
"56" 2018 "BS" 0.0518063641509649 list(c(-56.255, -56.3, -56.4, -56.5, -56.6, -56.7, -56.8, -56.9, -57, -57.1, -57.2, -57.3, -57.4, -57.5, -57.6, -57.7, -57.8, -57.9, -58, -61.9842, -59.9949667, -56.255, -56.255, -61.8987, -61.8987, -61.8987, -61.8987, -61.8987, -61.8987, -61.8987, -61.8987, -61.8987, -61.8987, -61.8987, -61.8987, -61.8987, -61.8987, -61.8987, -61.8987, -61.8987, -61.8987, -61.8987, -62.9563, -63.8809, -63.0083, -61.8987)) "positive"
"57" 2018 "EI" -0.559541687468797 list(c(-53.4425, -53.5, -53.6, -53.7, -53.8, -53.9, -54, -54.1, -54.2, -54.3, -54.4, -54.5, -54.6, -54.7, -54.8, -54.9, -55, -55.1, -55.2, -55.3, -55.4, -55.5, -55.6, -55.7, -55.8, -55.9, -56, -56.1, -56.2, -56.3, -56.4, -56.5, -56.6, -56.7, -56.8, -56.9, -57, -57.1, -57.2, -57.3, -57.4, -57.5, -57.6, -57.7, -57.8, -57.9, -58, -58, -57.9, -57.8, -57.7, -57.6, -57.5, -57.4, -57.3, -57.2, -57.1, -57, -56.9, -56.8, -56.7, -56.6, -56.5, -56.4, -56.3, -56.255, -56.2, -56.1, -56, -55.9, -55.8, -55.7, -55.6, 
-55.5, -55.4, -55.3, -55.2, -55.1, -55, -54.9, -54.8, -54.7, -54.6, -54.5, -54.4, -54.3, -54.2, -54.1, -54, -53.9, -53.8, -53.7, -53.6, -53.5, -53.4425, -53.4425, -60, -60, -60, -60, -60, -60, -60, -60, -60, -60, -60, -60, -60, -60, -60, -60, -60, -60, -60, -60, -60, -60, -60, -60, -60, -60, -60, -60, -60, -60, -60, -60, -60, -60, -60, -60, -60, -60, -60, -60, -60, -60, -60, -60, -60, -60, -60, -61.8987, -61.8987, -61.8987, -61.8987, -61.8987, -61.8987, -61.8987, -61.8987, -61.8987, -61.8987, -61.8987, 
-61.8987, -61.8987, -61.8987, -61.8987, -61.8987, -61.8987, -61.8987, -61.8987, -61.8987, -61.8987, -61.8987, -61.8987, -61.8987, -61.8987, -61.8987, -61.8987, -61.8987, -61.8987, -61.8987, -61.8987, -61.8987, -61.8987, -61.8987, -61.8987, -61.8987, -61.8987, -61.8987, -61.8987, -61.8987, -61.8987, -61.8987, -61.8987, -61.8987, -61.8987, -61.8987, -61.8987, -61.8987, -60)) "negative"
"58" 2018 "Extra" 0.0316311604416252 list(c(-66.3476, -63.5504, -59.74, -59.9949667, -61.9842, -62.795, -66.3476, -64.3, -65.727, -64, -63.8809, -62.9563, -62.5, -64.3)) "positive"
"59" 2018 "OuterNE" -0.2875 list(c(-50, -50.952381, -51.9047619, -52.8571429, -53.4425, -53.4425, -50, -50, -60, -60, -60, -60, -60.0010064, -61.8987, -61.8927419, -60)) "negative"
"60" 2018 "SSIW" -0.500852844827587 list(c(-58, -59.4841667, -59.5536167, -60.5258333, -63.3036167, -62.795, -61.9842, -58, -58, -60, -60, -60.7958333, -60.7958333, -62.2125, -62.5, -62.9563, -61.8987, -60)) "negative"
"61" 2019 "BS" 0.209104641051241 list(c(-56.255, -56.3, -56.4, -56.5, -56.6, -56.7, -56.8, -56.9, -57, -57.1, -57.2, -57.3, -57.4, -57.5, -57.6, -57.7, -57.8, -57.9, -58, -61.9842, -59.9949667, -56.255, -56.255, -61.8987, -61.8987, -61.8987, -61.8987, -61.8987, -61.8987, -61.8987, -61.8987, -61.8987, -61.8987, -61.8987, -61.8987, -61.8987, -61.8987, -61.8987, -61.8987, -61.8987, -61.8987, -61.8987, -62.9563, -63.8809, -63.0083, -61.8987)) "positive"
"62" 2019 "EI" -0.894196372732958 list(c(-53.4425, -53.5, -53.6, -53.7, -53.8, -53.9, -54, -54.1, -54.2, -54.3, -54.4, -54.5, -54.6, -54.7, -54.8, -54.9, -55, -55.1, -55.2, -55.3, -55.4, -55.5, -55.6, -55.7, -55.8, -55.9, -56, -56.1, -56.2, -56.3, -56.4, -56.5, -56.6, -56.7, -56.8, -56.9, -57, -57.1, -57.2, -57.3, -57.4, -57.5, -57.6, -57.7, -57.8, -57.9, -58, -58, -57.9, -57.8, -57.7, -57.6, -57.5, -57.4, -57.3, -57.2, -57.1, -57, -56.9, -56.8, -56.7, -56.6, -56.5, -56.4, -56.3, -56.255, -56.2, -56.1, -56, -55.9, -55.8, -55.7, -55.6, 
-55.5, -55.4, -55.3, -55.2, -55.1, -55, -54.9, -54.8, -54.7, -54.6, -54.5, -54.4, -54.3, -54.2, -54.1, -54, -53.9, -53.8, -53.7, -53.6, -53.5, -53.4425, -53.4425, -60, -60, -60, -60, -60, -60, -60, -60, -60, -60, -60, -60, -60, -60, -60, -60, -60, -60, -60, -60, -60, -60, -60, -60, -60, -60, -60, -60, -60, -60, -60, -60, -60, -60, -60, -60, -60, -60, -60, -60, -60, -60, -60, -60, -60, -60, -60, -61.8987, -61.8987, -61.8987, -61.8987, -61.8987, -61.8987, -61.8987, -61.8987, -61.8987, -61.8987, -61.8987, 
-61.8987, -61.8987, -61.8987, -61.8987, -61.8987, -61.8987, -61.8987, -61.8987, -61.8987, -61.8987, -61.8987, -61.8987, -61.8987, -61.8987, -61.8987, -61.8987, -61.8987, -61.8987, -61.8987, -61.8987, -61.8987, -61.8987, -61.8987, -61.8987, -61.8987, -61.8987, -61.8987, -61.8987, -61.8987, -61.8987, -61.8987, -61.8987, -61.8987, -61.8987, -61.8987, -61.8987, -61.8987, -60)) "negative"
"63" 2019 "Extra" 0.220495336503292 list(c(-66.3476, -63.5504, -59.74, -59.9949667, -61.9842, -62.795, -66.3476, -64.3, -65.727, -64, -63.8809, -62.9563, -62.5, -64.3)) "positive"
"64" 2019 "JOIN" -0.7625 list(c(-53.4425, -53.5, -53.6, -53.7, -53.8, -53.9, -54, -54.1, -54.2, -54.3, -54.4, -54.5, -54.6, -54.7, -54.8, -54.9, -55, -55.1, -55.2, -55.3, -55.4, -55.5, -55.6, -55.7, -55.8, -55.9, -56, -56.1, -56.2, -56.255, -56.255, -56.255, -56.2, -56.1, -56, -55.9, -55.8, -55.7, -55.6, -55.5, -55.4, -55.3, -55.2, -55.1, -55, -54.9, -54.8, -54.7, -54.6, -54.5, -54.4, -54.3, -54.2, -54.1, -54, -53.9, -53.8, -53.7, -53.6, -53.5, -53.4425, -53.4425, -61.8987, -61.8987, -61.8987, -61.8987, -61.8987, -61.8987, 
-61.8987, -61.8987, -61.8987, -61.8987, -61.8987, -61.8987, -61.8987, -61.8987, -61.8987, -61.8987, -61.8987, -61.8987, -61.8987, -61.8987, -61.8987, -61.8987, -61.8987, -61.8987, -61.8987, -61.8987, -61.8987, -61.8987, -61.8987, -61.8987, -63.0083, -63.4166667, -63.4166667, -63.4166667, -63.4166667, -63.4166667, -63.4166667, -63.4166667, -63.4166667, -63.4166667, -63.4166667, -63.4166667, -63.4166667, -63.4166667, -63.4166667, -63.4166667, -63.4166667, -63.4166667, -63.4166667, -63.4166667, -63.4166667, 
-63.4166667, -63.4166667, -63.4166667, -63.4166667, -63.4166667, -63.4166667, -63.4166667, -63.4166667, -63.4166667, -63.4166667, -61.8987)) "negative"
"65" 2019 "OuterNW" -1.26650246305419 list(list(c(-63.9767737, -63.988125, -63.9746425, -63.9787202, -63.9715889, -63.9544182, -63.9447379, -63.9358722, -63.9312656, -63.9191004, -63.905451, -63.9130283, -63.9076788, -63.8828849, -63.8647138, -63.8532367, -63.8247362, -63.7887373, -63.9784955, -63.9767737, -65.5261709, -65.5293237, -65.5612053, -65.570054, -65.5756642, -65.5776294, -65.5784525, -65.5814512, -65.5923484, -65.5937256, -65.5914797, -65.6024598, -65.6071893, -65.6077719, -65.6010756, -65.6058331, -65.6301864, -65.6139368, 
-65.5228473, -65.5261709)), list(c(-59.424958, -58.1682626, -58.5714286, -59.424958, -60.0003952, -60.0010372, -60, -60.0003952)), list(c(-64.2857143, -65.2380952, -66.1904762, -67.1428571, -68.0952381, -69.047619, -70, -70, -66.3476, -62.795, -63.3036167, -60.5258333, -59.5536167, -59.4841811, -59.5238095, -60.4761905, -61.4285714, -62.3809524, -63.3333333, -64.2857143, -60, -60, -60, -60, -60, -60, -60, -64.297903, -64.3, -62.5, -62.2125, -60.7958333, -60.7958333, -60.0001694, -60, -60, -60, -60, 
-60, -60))) "negative"
"66" 2019 "SSIW" -0.759595297372061 list(c(-58, -59.4841667, -59.5536167, -60.5258333, -63.3036167, -62.795, -61.9842, -58, -58, -60, -60, -60.7958333, -60.7958333, -62.2125, -62.5, -62.9563, -61.8987, -60)) "negative"
"67" 2020 "BS" 0.449709935399177 list(c(-56.255, -56.3, -56.4, -56.5, -56.6, -56.7, -56.8, -56.9, -57, -57.1, -57.2, -57.3, -57.4, -57.5, -57.6, -57.7, -57.8, -57.9, -58, -61.9842, -59.9949667, -56.255, -56.255, -61.8987, -61.8987, -61.8987, -61.8987, -61.8987, -61.8987, -61.8987, -61.8987, -61.8987, -61.8987, -61.8987, -61.8987, -61.8987, -61.8987, -61.8987, -61.8987, -61.8987, -61.8987, -61.8987, -62.9563, -63.8809, -63.0083, -61.8987)) "positive"
"68" 2020 "Extra" 0.550519792083166 list(c(-66.3476, -63.5504, -59.74, -59.9949667, -61.9842, -62.795, -66.3476, -64.3, -65.727, -64, -63.8809, -62.9563, -62.5, -64.3)) "positive"
"69" 2020 "OuterNE" 0.0539999999999997 list(c(-50, -50.952381, -51.9047619, -52.8571429, -53.4425, -53.4425, -50, -50, -60, -60, -60, -60, -60.0010064, -61.8987, -61.8927419, -60)) "positive"
"70" 2020 "SSIW" -0.435666666666667 list(c(-58, -59.4841667, -59.5536167, -60.5258333, -63.3036167, -62.795, -61.9842, -58, -58, -60, -60, -60.7958333, -60.7958333, -62.2125, -62.5, -62.9563, -61.8987, -60)) "negative"
